drfgd34
JuanHernandez
23789473
1 0 0 0 0 0 0 0 0 1
1
8900.14
17-11-2024 19hs
0
jd812924
JuanPerez
23789474
1 0 0 0 0 0 1 0 0 0
2
9200.14
16-11-2024 16hs
1
FXU52Y
Ezra
36559991
0 0 0 1 0 0 1 0 0 0
3
11218
20-12-24 11hs
0
FKU26
Ryan
37827853
0 0 0 1 0 0 0 0 0 1
2
16870.25
01-12-24 10hs
1
BKQ8
Francis
39271795
0 0 0 1 0 0 0 0 0 1
2
19911.20
04-12-24 8hs
0
RJY36M
Heather
32431270
0 0 0 0 1 0 0 1 0 0
2
16296
14-11-24 2hs
1
TNQ38LF
Giselle
14794308
0 0 0 0 1 0 0 0 0 1
2
11037
06-12-24 9hs
0
ZXI85B
Leigh
8539794
0 0 1 0 0 1 0 0 0 0
3
14383
21-12-24 11hs
1
GJR73I
Thane
26688513
1 1 0 0 0 0 0 0 0 0
1
17818
09-11-24 10hs
0
HPN80
Maia
47870834
0 0 1 0 0 0 0 0 1 0
3
12376
25-11-24 3hs
0
OEU05N
Willow
15120082
1 0 0 0 0 0 0 0 0 0
1
12071
13-12-24 10hs
0
JEI84W
Wanda
14955870
0 0 0 0 0 0 1 1 0 0
4
17619
10-12-24 4hs
0
RAR75O
Scarlett
1029867
0 0 0 0 1 0 0 1 0 0
4
19107
07-12-24 5hs
0
VEX48I
Naomi
38037838
0 0 0 0 1 0 0 0 0 1
4
12409
26-11-24 7hs
1
NFE76S
Andrew
40934310
0 0 0 0 0 1 1 0 0 0
4
17553
29-11-24 3hs
1
KWD68GH
Jonas
25370869
0 0 1 1 0 0 0 0 0 0
3
17620
30-11-24 10hs
1
NJU48NH
Myles
33015416
0 0 0 0 0 0 0 0 0 1
3
8470
23-12-24 1hs
1
YYI93BD
Maxine
44560064
1 0 0 0 0 0 0 0 0 1
2
11957
22-11-24 8hs
1
TRP91COG
Otto
27258934
0 0 1 0 0 0 1 0 0 0
3
10874
13-12-24 11hs
1
NEE12E
Yoshi
9632305
1 0 1 0 0 0 0 0 0 0
4
13485
20-11-24 10hs
1
JDY31T
Bevis
4226549
0 0 0 0 0 0 1 0 0 1
4
12529
12-12-24 12hs
0
VLO76H
Full
47472935
1 1 0 0 0 0 0 0 0 0
2
9971
18-12-24 11hs
0
JHB67T
Anal
69696969
0 0 0 0 0 0 0 1 0 0
2
13466
01-12-24 3hs
1
WLF97U
Regan
47380745
0 1 0 0 0 0 0 0 0 1
3
15141
12-12-24 2hs
0
WYG16A
Sybil
21846828
0 0 1 0 1 0 0 0 0 0
1
12535
25-11-24 8hs
1
GGX15
Denton
42116173
0 0 0 0 0 0 1 0 1 0
4
11570
27-12-24 10hs
1
CWE12
Sage
48360409
0 0 0 0 0 0 0 1 0 0
2
18891
17-12-24 5hs
0
WHQ36
Jrynne
37365321
1 0 1 0 0 0 0 0 0 0
2
15969
26-11-24 10hs
1
WKW01
Jscar
41963414
0 0 0 0 1 0 0 0 0 1
4
17500
13-11-24 2hs
1
WMG8
Jlaire
15451361
0 0 0 0 0 0 1 0 0 1
3
11091
14-11-24 9hs
0
UHE64
Jincent
46069712
0 0 0 0 1 1 0 0 0 0
2
17865
04-11-24 5hs
0
UHE65
Vincent
46069712
0 0 0 0 1 1 0 0 0 0
2
17865
04-11-24 11hs
1

WSZ20
Clayton
25491209
0 1 0 0 0 0 1 0 0 0
4
17212
26-12-24 10hs
1
SFZ3
John
1335920
0 1 0 0 0 1 0 0 0 0
3
9911
01-12-24 10hs
1
